Classification Report
============================================================
              precision    recall  f1-score   support

           A       1.00      1.00      1.00        20
           B       1.00      1.00      1.00        20
           C       1.00      1.00      1.00        20
           D       1.00      1.00      1.00        25
           E       1.00      1.00      1.00        20
           F       1.00      1.00      1.00        20
           G       1.00      1.00      1.00        20
           H       1.00      1.00      1.00        20
           I       1.00      1.00      1.00        20
           J       1.00      1.00      1.00        20
           K       1.00      1.00      1.00        20
           L       1.00      1.00      1.00        20
           M       1.00      1.00      1.00        20
           N       1.00      1.00      1.00        20
           O       1.00      1.00      1.00        20
           P       1.00      1.00      1.00        30
           Q       1.00      1.00      1.00        20
           R       1.00      1.00      1.00        20
           S       1.00      1.00      1.00        20
           T       1.00      1.00      1.00        20
           U       1.00      1.00      1.00        20
           V       1.00      1.00      1.00        20
           W       1.00      1.00      1.00        20
           X       1.00      1.00      1.00        20
           Y       1.00      1.00      1.00        20
           Z       1.00      1.00      1.00        20

    accuracy                           1.00       535
   macro avg       1.00      1.00      1.00       535
weighted avg       1.00      1.00      1.00       535
